2 299.495 797.98 159.596 
3 1006.77 1447.37 434.211 
4 645.569 719.52 239.84 
5 1283.88 1289.57 386.871 
6 599.185 400.671 218.548 
7 1162.04 700.408 382.041 
8 639.652 346.695 208.017 
9 631.571 342.315 205.389 
10 797.376 374.036 238.023 
11 931.293 373.196 271.415 
12 729.551 306.105 204.07 
13 691.994 287.049 184.532 
14 841.08 309.6 206.4 
15 985.83 381.164 207.908 
16 645.593 251.939 146.964 
17 1042.9 354.125 247.888 
18 704.645 215.159 172.127 
19 889.209 283.674 196.39 
20 658.099 221.21 132.726 
21 581.438 179.479 134.609 
22 620.243 182.09 136.567 
23 736.931 215.499 153.928 
24 763.366 218.662 156.187 
25 743.136 206.096 158.536 
26 786.337 225.242 144.799 
27 973.755 244.97 195.976 
28 1185.37 290.125 227.956 
29 1003.34 252.412 176.688 
30 903.34 222.098 170.844 
31 1033.69 260.048 182.034 
32 1425.6 356.4 237.6 
33 1065.2 241.178 187.583 
34 1081.01 244.756 190.366 
35 917.942 220.858 165.644 
36 1113.58 252.131 196.102 
37 1402.5 307.982 213.218 
38 1254.91 288.485 192.323 
39 1298.08 292.8 195.2 
40 1927.53 420.913 294.639 
41 1163.21 221.084 200.986 
42 1284.54 244.674 214.09 
43 1375.35 258.525 232.673 
44 1298.0 251.733 209.778 
45 975.998 212.752 148.926 
46 1076.17 194.196 172.619 
47 1619.33 300.889 246.182 
48 931.908 183.053 133.13 
49 1580.53 281.232 224.986 
