47 1407.61 51.47 51.47 
78 2016.71 60.07 60.07 
109 3027.82 73.29 73.29 
140 3893.83 87.35 87.35 
171 4867.41 97.94 97.94 
202 5524.53 101.05 101.05 
233 5703.16 95.14 95.14 
264 4953.54 81.72 81.72 
295 4116.06 64.14 64.14 
326 3123.86 46.6 46.6 
357 2282.71 32.85 32.85 
388 1836.2 24.75 24.75 
419 1691.91 22.37 22.37 
450 1922.19 23.96 23.96 
481 2229.41 26.9 26.9 
512 2506.61 28.89 28.89 
543 2484.24 28.78 28.78 
574 2396.51 26.61 26.61 
605 2124.69 23.39 23.39 
636 1863.84 20.44 20.44 
667 1792.35 18.86 18.86 
698 1819.88 19.05 19.05 
729 1962.25 20.61 20.61 
760 2237.31 22.6 22.6 
791 2345.97 23.98 23.98 
822 2464.71 24.0 24.0 
853 2341.59 22.46 22.46 
884 2030.01 19.7 19.7 
915 1682.61 16.42 16.42 
946 1354.41 13.44 13.44 
977 1113.53 11.36 11.36 
1008 1017.97 10.46 10.46 
1039 1034.38 10.58 10.58 
1070 1118.05 11.23 11.23 
1101 1170.97 11.86 11.86 
1132 1204.04 12.04 12.04 
1163 1140.7 11.59 11.59 
1194 1042.69 10.76 10.76 
1225 907.4 9.74 9.74 
1256 793.96 8.58 8.58 
1287 732.75 7.88 7.88 
1318 689.45 7.7 7.7 
1349 746.75 7.92 7.92 
1380 749.62 8.29 8.29 
1411 806.23 8.54 8.54 
1442 768.34 8.49 8.49 
1473 722.68 8.09 8.09 
1504 658.83 7.44 7.44 
1535 554.48 6.7 6.7 
1566 477.66 6.06 6.06 
1597 420.02 5.65 5.65 
1628 387.21 5.51 5.51 
1659 382.85 5.59 5.59 
1690 373.95 5.79 5.79 
1721 374.45 6.01 6.01 
1752 365.19 6.17 6.17 
1783 342.35 6.24 6.24 
1814 319.73 6.25 6.25 
1845 278.34 6.25 6.25 
1876 250.1 6.31 6.31 
1907 239.6 6.47 6.47 
1938 215.63 6.75 6.75 
1969 226.13 7.13 7.13 
2000 232.56 7.66 7.66 
2031 213.07 8.21 8.21 
2062 218.14 8.7 8.7 
2093 208.67 9.19 9.19 
2124 191.16 9.7 9.7 
2155 179.33 10.25 10.25 
2186 162.27 10.88 10.88 
2220 127.88 10.63 10.63 
2263 103.98 10.12 10.12 
2323 124.55 9.67 9.67 
2419 103.1 9.4 9.4 
